# transform file /usr/local/freesurfer/subjects/3102/mri/transforms/cc_up.lta
# created by ubuntu on Fri Dec 29 10:27:26 2017

type      = 0 # LINEAR_VOX_TO_VOX
nxforms   = 1
mean      = 130.0000 142.0000 123.0000
sigma     = 10000.0000
1 4 4
9.964581131935120e-01 -8.363116532564163e-02 8.765738457441330e-03 1.048544216156006e+01 
8.362792432308197e-02 9.964966773986816e-01 7.356660789810121e-04 -1.039633941650391e+01 
-8.796554990112782e-03 0.000000000000000e+00 9.999611973762512e-01 2.813681411743164e+01 
0.000000000000000e+00 0.000000000000000e+00 0.000000000000000e+00 1.000000000000000e+00 
src volume info
valid = 1  # volume info valid
filename = /usr/local/freesurfer/subjects/3102/mri/norm.mgz
volume = 256 256 256
voxelsize = 1.000000000000000e+00 1.000000000000000e+00 1.000000000000000e+00
xras   = -1.000000000000000e+00 0.000000000000000e+00 0.000000000000000e+00
yras   = 0.000000000000000e+00 0.000000000000000e+00 -1.000000000000000e+00
zras   = 0.000000000000000e+00 1.000000000000000e+00 0.000000000000000e+00
cras   = 2.052048339843750e+02 2.718253173828125e+02 5.161445922851562e+02
dst volume info
valid = 1  # volume info valid
filename = /usr/local/freesurfer/subjects/3102/mri/norm.mgz
volume = 256 256 256
voxelsize = 1.000000000000000e+00 1.000000000000000e+00 1.000000000000000e+00
xras   = -1.000000000000000e+00 0.000000000000000e+00 0.000000000000000e+00
yras   = 0.000000000000000e+00 0.000000000000000e+00 -1.000000000000000e+00
zras   = 0.000000000000000e+00 1.000000000000000e+00 0.000000000000000e+00
cras   = 2.052048339843750e+02 2.718253173828125e+02 5.161445922851562e+02
