# transform file /usr/local/freesurfer/subjects/3014/mri/transforms/cc_up.lta
# created by ubuntu on Fri Dec 29 12:22:37 2017

type      = 0 # LINEAR_VOX_TO_VOX
nxforms   = 1
mean      = 128.0000 122.0000 108.0000
sigma     = 10000.0000
1 4 4
9.997164607048035e-01 -7.153331302106380e-03 2.271321043372154e-02 -2.405828714370728e+00 
7.151485886424780e-03 9.999744296073914e-01 1.624792785150930e-04 2.706458473205566e+01 
-2.271379157900810e-02 0.000000000000000e+00 9.997420310974121e-01 3.595458602905273e+01 
0.000000000000000e+00 0.000000000000000e+00 0.000000000000000e+00 1.000000000000000e+00 
src volume info
valid = 1  # volume info valid
filename = /usr/local/freesurfer/subjects/3014/mri/norm.mgz
volume = 256 256 256
voxelsize = 1.000000000000000e+00 1.000000000000000e+00 1.000000000000000e+00
xras   = -1.000000000000000e+00 0.000000000000000e+00 0.000000000000000e+00
yras   = 0.000000000000000e+00 0.000000000000000e+00 -1.000000000000000e+00
zras   = 0.000000000000000e+00 1.000000000000000e+00 0.000000000000000e+00
cras   = 2.040759277343750e+02 2.904829101562500e+02 5.483649902343750e+02
dst volume info
valid = 1  # volume info valid
filename = /usr/local/freesurfer/subjects/3014/mri/norm.mgz
volume = 256 256 256
voxelsize = 1.000000000000000e+00 1.000000000000000e+00 1.000000000000000e+00
xras   = -1.000000000000000e+00 0.000000000000000e+00 0.000000000000000e+00
yras   = 0.000000000000000e+00 0.000000000000000e+00 -1.000000000000000e+00
zras   = 0.000000000000000e+00 1.000000000000000e+00 0.000000000000000e+00
cras   = 2.040759277343750e+02 2.904829101562500e+02 5.483649902343750e+02
