# transform file transforms/talairach_with_skull.lta
# created by ubuntu on Thu Dec 28 23:47:58 2017

type      = 0 # LINEAR_VOX_TO_VOX
nxforms   = 1
mean      = 132.0000 143.0000 132.0000
sigma     = 10000.0000
1 4 4
9.822891354560852e-01 4.382174462080002e-02 -5.040222406387329e-02 5.871920585632324e-01 
-2.407915331423283e-02 9.961985945701599e-01 5.240663886070251e-01 -5.066059112548828e+01 
5.823870003223419e-02 -5.398746728897095e-01 9.849614500999451e-01 4.837603759765625e+01 
0.000000000000000e+00 0.000000000000000e+00 0.000000000000000e+00 1.000000000000000e+00 
src volume info
valid = 1  # volume info valid
filename = nu.mgz
volume = 256 256 256
voxelsize = 1.000000000000000e+00 1.000000000000000e+00 1.000000000000000e+00
xras   = -1.000000000000000e+00 0.000000000000000e+00 0.000000000000000e+00
yras   = 0.000000000000000e+00 0.000000000000000e+00 -1.000000000000000e+00
zras   = 0.000000000000000e+00 1.000000000000000e+00 0.000000000000000e+00
cras   = 2.348059692382812e+02 2.948728942871094e+02 5.425119628906250e+02
dst volume info
valid = 1  # volume info valid
filename = /usr/local/freesurfer/average/RB_all_withskull_2016-05-10.vc700.gca
volume = 256 256 256
voxelsize = 1.000000000000000e+00 1.000000000000000e+00 1.000000000000000e+00
xras   = -1.000000000000000e+00 0.000000000000000e+00 0.000000000000000e+00
yras   = 0.000000000000000e+00 0.000000000000000e+00 -1.000000000000000e+00
zras   = 0.000000000000000e+00 1.000000000000000e+00 0.000000000000000e+00
cras   = 0.000000000000000e+00 0.000000000000000e+00 0.000000000000000e+00
