# transform file /usr/local/freesurfer/subjects/3074/mri/transforms/cc_up.lta
# created by ubuntu on Fri Dec 29 17:15:27 2017

type      = 0 # LINEAR_VOX_TO_VOX
nxforms   = 1
mean      = 129.0000 121.0000 115.0000
sigma     = 10000.0000
1 4 4
9.998137950897217e-01 -1.076409127563238e-02 1.601717993617058e-02 -1.613661885261536e+00 
1.076270919293165e-02 9.999420642852783e-01 1.724203611956909e-04 2.959913253784180e+01 
-1.601810753345490e-02 -1.455191522836685e-11 9.998717308044434e-01 2.507980918884277e+01 
0.000000000000000e+00 0.000000000000000e+00 0.000000000000000e+00 1.000000000000000e+00 
src volume info
valid = 1  # volume info valid
filename = /usr/local/freesurfer/subjects/3074/mri/norm.mgz
volume = 256 256 256
voxelsize = 1.000000000000000e+00 1.000000000000000e+00 1.000000000000000e+00
xras   = -1.000000000000000e+00 0.000000000000000e+00 0.000000000000000e+00
yras   = 0.000000000000000e+00 0.000000000000000e+00 -1.000000000000000e+00
zras   = 0.000000000000000e+00 1.000000000000000e+00 0.000000000000000e+00
cras   = 2.225188598632812e+02 3.035740966796875e+02 5.280627441406250e+02
dst volume info
valid = 1  # volume info valid
filename = /usr/local/freesurfer/subjects/3074/mri/norm.mgz
volume = 256 256 256
voxelsize = 1.000000000000000e+00 1.000000000000000e+00 1.000000000000000e+00
xras   = -1.000000000000000e+00 0.000000000000000e+00 0.000000000000000e+00
yras   = 0.000000000000000e+00 0.000000000000000e+00 -1.000000000000000e+00
zras   = 0.000000000000000e+00 1.000000000000000e+00 0.000000000000000e+00
cras   = 2.225188598632812e+02 3.035740966796875e+02 5.280627441406250e+02
