# transform file /usr/local/freesurfer/subjects/3053/mri/transforms/cc_up.lta
# created by ubuntu on Fri Dec 29 13:26:23 2017

type      = 0 # LINEAR_VOX_TO_VOX
nxforms   = 1
mean      = 127.0000 120.0000 115.0000
sigma     = 10000.0000
1 4 4
9.992748498916626e-01 -3.050212562084198e-02 2.279073558747768e-02 -2.114172130823135e-01 
3.049419634044170e-02 9.995346665382385e-01 6.954895216040313e-04 2.504137611389160e+01 
-2.280134521424770e-02 -5.820766091346741e-11 9.997400641441345e-01 2.896789741516113e+01 
0.000000000000000e+00 0.000000000000000e+00 0.000000000000000e+00 1.000000000000000e+00 
src volume info
valid = 1  # volume info valid
filename = /usr/local/freesurfer/subjects/3053/mri/norm.mgz
volume = 256 256 256
voxelsize = 1.000000000000000e+00 1.000000000000000e+00 1.000000000000000e+00
xras   = -1.000000000000000e+00 0.000000000000000e+00 0.000000000000000e+00
yras   = 0.000000000000000e+00 0.000000000000000e+00 -1.000000000000000e+00
zras   = 0.000000000000000e+00 1.000000000000000e+00 0.000000000000000e+00
cras   = 2.066742553710938e+02 3.005554199218750e+02 5.235617675781250e+02
dst volume info
valid = 1  # volume info valid
filename = /usr/local/freesurfer/subjects/3053/mri/norm.mgz
volume = 256 256 256
voxelsize = 1.000000000000000e+00 1.000000000000000e+00 1.000000000000000e+00
xras   = -1.000000000000000e+00 0.000000000000000e+00 0.000000000000000e+00
yras   = 0.000000000000000e+00 0.000000000000000e+00 -1.000000000000000e+00
zras   = 0.000000000000000e+00 1.000000000000000e+00 0.000000000000000e+00
cras   = 2.066742553710938e+02 3.005554199218750e+02 5.235617675781250e+02
