# transform file /usr/local/freesurfer/subjects/3067/mri/transforms/cc_up.lta
# created by ubuntu on Fri Dec 29 16:30:26 2017

type      = 0 # LINEAR_VOX_TO_VOX
nxforms   = 1
mean      = 128.0000 120.0000 113.0000
sigma     = 10000.0000
1 4 4
9.994748234748840e-01 2.129033207893372e-02 -2.442856505513191e-02 1.352953314781189e+00 
-2.128397673368454e-02 9.997733235359192e-01 5.202102474868298e-04 3.167452621459961e+01 
2.443410269916058e-02 0.000000000000000e+00 9.997013807296753e-01 2.692612266540527e+01 
0.000000000000000e+00 0.000000000000000e+00 0.000000000000000e+00 1.000000000000000e+00 
src volume info
valid = 1  # volume info valid
filename = /usr/local/freesurfer/subjects/3067/mri/norm.mgz
volume = 256 256 256
voxelsize = 1.000000000000000e+00 1.000000000000000e+00 1.000000000000000e+00
xras   = -1.000000000000000e+00 0.000000000000000e+00 0.000000000000000e+00
yras   = 0.000000000000000e+00 0.000000000000000e+00 -1.000000000000000e+00
zras   = 0.000000000000000e+00 1.000000000000000e+00 0.000000000000000e+00
cras   = 2.021304321289062e+02 3.032625427246094e+02 5.325479736328125e+02
dst volume info
valid = 1  # volume info valid
filename = /usr/local/freesurfer/subjects/3067/mri/norm.mgz
volume = 256 256 256
voxelsize = 1.000000000000000e+00 1.000000000000000e+00 1.000000000000000e+00
xras   = -1.000000000000000e+00 0.000000000000000e+00 0.000000000000000e+00
yras   = 0.000000000000000e+00 0.000000000000000e+00 -1.000000000000000e+00
zras   = 0.000000000000000e+00 1.000000000000000e+00 0.000000000000000e+00
cras   = 2.021304321289062e+02 3.032625427246094e+02 5.325479736328125e+02
