# transform file /usr/local/freesurfer/subjects/3069/mri/transforms/cc_up.lta
# created by ubuntu on Fri Dec 29 16:23:56 2017

type      = 0 # LINEAR_VOX_TO_VOX
nxforms   = 1
mean      = 129.0000 101.0000 117.0000
sigma     = 10000.0000
1 4 4
9.981653094291687e-01 -5.938431993126869e-02 -1.182048860937357e-02 6.638973712921143e+00 
5.938015505671501e-02 9.982352852821350e-01 -7.031924906186759e-04 3.557055664062500e+01 
1.184138562530279e-02 -5.820766785236131e-11 9.999299645423889e-01 2.148117446899414e+01 
0.000000000000000e+00 0.000000000000000e+00 0.000000000000000e+00 1.000000000000000e+00 
src volume info
valid = 1  # volume info valid
filename = /usr/local/freesurfer/subjects/3069/mri/norm.mgz
volume = 256 256 256
voxelsize = 1.000000000000000e+00 1.000000000000000e+00 1.000000000000000e+00
xras   = -1.000000000000000e+00 0.000000000000000e+00 0.000000000000000e+00
yras   = 0.000000000000000e+00 0.000000000000000e+00 -1.000000000000000e+00
zras   = 0.000000000000000e+00 1.000000000000000e+00 0.000000000000000e+00
cras   = 1.943986968994141e+02 2.998348388671875e+02 5.477833251953125e+02
dst volume info
valid = 1  # volume info valid
filename = /usr/local/freesurfer/subjects/3069/mri/norm.mgz
volume = 256 256 256
voxelsize = 1.000000000000000e+00 1.000000000000000e+00 1.000000000000000e+00
xras   = -1.000000000000000e+00 0.000000000000000e+00 0.000000000000000e+00
yras   = 0.000000000000000e+00 0.000000000000000e+00 -1.000000000000000e+00
zras   = 0.000000000000000e+00 1.000000000000000e+00 0.000000000000000e+00
cras   = 1.943986968994141e+02 2.998348388671875e+02 5.477833251953125e+02
