# transform file /usr/local/freesurfer/subjects/3012/mri/transforms/cc_up.lta
# created by ubuntu on Fri Dec 29 12:14:32 2017

type      = 0 # LINEAR_VOX_TO_VOX
nxforms   = 1
mean      = 129.0000 122.0000 122.0000
sigma     = 10000.0000
1 4 4
9.993337392807007e-01 2.264782227575779e-02 -2.862525172531605e-02 -1.031113743782043e+00 
-2.263853698968887e-02 9.997436404228210e-01 6.484658806584775e-04 2.089480018615723e+01 
2.863259613513947e-02 0.000000000000000e+00 9.995901584625244e-01 1.833093643188477e+01 
0.000000000000000e+00 0.000000000000000e+00 0.000000000000000e+00 1.000000000000000e+00 
src volume info
valid = 1  # volume info valid
filename = /usr/local/freesurfer/subjects/3012/mri/norm.mgz
volume = 256 256 256
voxelsize = 1.000000000000000e+00 1.000000000000000e+00 1.000000000000000e+00
xras   = -1.000000000000000e+00 0.000000000000000e+00 0.000000000000000e+00
yras   = 0.000000000000000e+00 0.000000000000000e+00 -1.000000000000000e+00
zras   = 0.000000000000000e+00 1.000000000000000e+00 0.000000000000000e+00
cras   = 2.194409484863281e+02 2.950216064453125e+02 5.357780151367188e+02
dst volume info
valid = 1  # volume info valid
filename = /usr/local/freesurfer/subjects/3012/mri/norm.mgz
volume = 256 256 256
voxelsize = 1.000000000000000e+00 1.000000000000000e+00 1.000000000000000e+00
xras   = -1.000000000000000e+00 0.000000000000000e+00 0.000000000000000e+00
yras   = 0.000000000000000e+00 0.000000000000000e+00 -1.000000000000000e+00
zras   = 0.000000000000000e+00 1.000000000000000e+00 0.000000000000000e+00
cras   = 2.194409484863281e+02 2.950216064453125e+02 5.357780151367188e+02
