# transform file transforms/talairach_with_skull.lta
# created by ubuntu on Fri Dec 29 00:16:47 2017

type      = 0 # LINEAR_VOX_TO_VOX
nxforms   = 1
mean      = 131.0000 127.0000 133.0000
sigma     = 10000.0000
1 4 4
1.004258632659912e+00 3.849712014198303e-02 -1.037241797894239e-02 -8.862681388854980e+00 
-3.605114668607712e-02 1.204829096794128e+00 3.160781040787697e-02 -2.078016471862793e+01 
1.006406173110008e-02 -3.432804346084595e-02 1.014285922050476e+00 -8.432587623596191e+00 
0.000000000000000e+00 0.000000000000000e+00 0.000000000000000e+00 1.000000000000000e+00 
src volume info
valid = 1  # volume info valid
filename = nu.mgz
volume = 256 256 256
voxelsize = 1.000000000000000e+00 1.000000000000000e+00 1.000000000000000e+00
xras   = -1.000000000000000e+00 0.000000000000000e+00 0.000000000000000e+00
yras   = 0.000000000000000e+00 0.000000000000000e+00 -1.000000000000000e+00
zras   = 0.000000000000000e+00 1.000000000000000e+00 0.000000000000000e+00
cras   = 2.194409484863281e+02 2.950216064453125e+02 5.357780151367188e+02
dst volume info
valid = 1  # volume info valid
filename = /usr/local/freesurfer/average/RB_all_withskull_2016-05-10.vc700.gca
volume = 256 256 256
voxelsize = 1.000000000000000e+00 1.000000000000000e+00 1.000000000000000e+00
xras   = -1.000000000000000e+00 0.000000000000000e+00 0.000000000000000e+00
yras   = 0.000000000000000e+00 0.000000000000000e+00 -1.000000000000000e+00
zras   = 0.000000000000000e+00 1.000000000000000e+00 0.000000000000000e+00
cras   = 0.000000000000000e+00 0.000000000000000e+00 0.000000000000000e+00
