# transform file /usr/local/freesurfer/subjects/3072/mri/transforms/cc_up.lta
# created by ubuntu on Fri Dec 29 16:26:17 2017

type      = 0 # LINEAR_VOX_TO_VOX
nxforms   = 1
mean      = 129.0000 100.0000 110.0000
sigma     = 10000.0000
1 4 4
9.992159605026245e-01 1.231061294674873e-02 3.762669488787651e-02 -4.722331523895264e+00 
-1.230189390480518e-02 9.999241232872009e-01 -4.632428172044456e-04 5.264048385620117e+01 
-3.762954846024513e-02 0.000000000000000e+00 9.992917180061340e-01 2.992716789245605e+01 
0.000000000000000e+00 0.000000000000000e+00 0.000000000000000e+00 1.000000000000000e+00 
src volume info
valid = 1  # volume info valid
filename = /usr/local/freesurfer/subjects/3072/mri/norm.mgz
volume = 256 256 256
voxelsize = 1.000000000000000e+00 1.000000000000000e+00 1.000000000000000e+00
xras   = -1.000000000000000e+00 0.000000000000000e+00 0.000000000000000e+00
yras   = 0.000000000000000e+00 0.000000000000000e+00 -1.000000000000000e+00
zras   = 0.000000000000000e+00 1.000000000000000e+00 0.000000000000000e+00
cras   = 1.978872833251953e+02 2.958408508300781e+02 5.295205078125000e+02
dst volume info
valid = 1  # volume info valid
filename = /usr/local/freesurfer/subjects/3072/mri/norm.mgz
volume = 256 256 256
voxelsize = 1.000000000000000e+00 1.000000000000000e+00 1.000000000000000e+00
xras   = -1.000000000000000e+00 0.000000000000000e+00 0.000000000000000e+00
yras   = 0.000000000000000e+00 0.000000000000000e+00 -1.000000000000000e+00
zras   = 0.000000000000000e+00 1.000000000000000e+00 0.000000000000000e+00
cras   = 1.978872833251953e+02 2.958408508300781e+02 5.295205078125000e+02
