# transform file /usr/local/freesurfer/subjects/3020/mri/transforms/cc_up.lta
# created by ubuntu on Fri Dec 29 11:02:31 2017

type      = 0 # LINEAR_VOX_TO_VOX
nxforms   = 1
mean      = 129.0000 125.0000 113.0000
sigma     = 10000.0000
1 4 4
9.975691437721252e-01 6.522165983915329e-02 2.453875355422497e-02 -8.964661598205566e+00 
-6.520193815231323e-02 9.978708624839783e-01 -1.603872980922461e-03 3.479984664916992e+01 
-2.459111437201500e-02 -1.164153357047226e-10 9.996976852416992e-01 2.420461463928223e+01 
0.000000000000000e+00 0.000000000000000e+00 0.000000000000000e+00 1.000000000000000e+00 
src volume info
valid = 1  # volume info valid
filename = /usr/local/freesurfer/subjects/3020/mri/norm.mgz
volume = 256 256 256
voxelsize = 1.000000000000000e+00 1.000000000000000e+00 1.000000000000000e+00
xras   = -1.000000000000000e+00 0.000000000000000e+00 0.000000000000000e+00
yras   = 0.000000000000000e+00 0.000000000000000e+00 -1.000000000000000e+00
zras   = 0.000000000000000e+00 1.000000000000000e+00 0.000000000000000e+00
cras   = 2.077349853515625e+02 2.919461975097656e+02 5.417800292968750e+02
dst volume info
valid = 1  # volume info valid
filename = /usr/local/freesurfer/subjects/3020/mri/norm.mgz
volume = 256 256 256
voxelsize = 1.000000000000000e+00 1.000000000000000e+00 1.000000000000000e+00
xras   = -1.000000000000000e+00 0.000000000000000e+00 0.000000000000000e+00
yras   = 0.000000000000000e+00 0.000000000000000e+00 -1.000000000000000e+00
zras   = 0.000000000000000e+00 1.000000000000000e+00 0.000000000000000e+00
cras   = 2.077349853515625e+02 2.919461975097656e+02 5.417800292968750e+02
