# transform file transforms/talairach_with_skull.lta
# created by ubuntu on Fri Dec 29 00:02:03 2017

type      = 0 # LINEAR_VOX_TO_VOX
nxforms   = 1
mean      = 128.0000 140.0000 133.0000
sigma     = 10000.0000
1 4 4
1.100415587425232e+00 1.446282118558884e-02 6.954090297222137e-02 -2.785533714294434e+01 
-3.585052862763405e-02 1.117703914642334e+00 4.417615234851837e-01 -5.877108383178711e+01 
-5.508184060454369e-02 -4.205526113510132e-01 1.121734142303467e+00 3.629796218872070e+01 
0.000000000000000e+00 0.000000000000000e+00 0.000000000000000e+00 1.000000000000000e+00 
src volume info
valid = 1  # volume info valid
filename = nu.mgz
volume = 256 256 256
voxelsize = 1.000000000000000e+00 1.000000000000000e+00 1.000000000000000e+00
xras   = -1.000000000000000e+00 0.000000000000000e+00 0.000000000000000e+00
yras   = 0.000000000000000e+00 0.000000000000000e+00 -1.000000000000000e+00
zras   = 0.000000000000000e+00 1.000000000000000e+00 0.000000000000000e+00
cras   = 2.077349853515625e+02 2.919461975097656e+02 5.417800292968750e+02
dst volume info
valid = 1  # volume info valid
filename = /usr/local/freesurfer/average/RB_all_withskull_2016-05-10.vc700.gca
volume = 256 256 256
voxelsize = 1.000000000000000e+00 1.000000000000000e+00 1.000000000000000e+00
xras   = -1.000000000000000e+00 0.000000000000000e+00 0.000000000000000e+00
yras   = 0.000000000000000e+00 0.000000000000000e+00 -1.000000000000000e+00
zras   = 0.000000000000000e+00 1.000000000000000e+00 0.000000000000000e+00
cras   = 0.000000000000000e+00 0.000000000000000e+00 0.000000000000000e+00
