# transform file /usr/local/freesurfer/subjects/3059/mri/transforms/cc_up.lta
# created by ubuntu on Fri Dec 29 13:04:31 2017

type      = 0 # LINEAR_VOX_TO_VOX
nxforms   = 1
mean      = 128.0000 118.0000 102.0000
sigma     = 10000.0000
1 4 4
9.995719194412231e-01 2.621637284755707e-02 -1.298683602362871e-02 -1.690516948699951e+00 
-2.621416188776493e-02 9.996563196182251e-01 3.405848110560328e-04 3.336749267578125e+01 
1.299130171537399e-02 2.910383045673370e-11 9.999155998229980e-01 4.634106445312500e+01 
0.000000000000000e+00 0.000000000000000e+00 0.000000000000000e+00 1.000000000000000e+00 
src volume info
valid = 1  # volume info valid
filename = /usr/local/freesurfer/subjects/3059/mri/norm.mgz
volume = 256 256 256
voxelsize = 1.000000000000000e+00 1.000000000000000e+00 1.000000000000000e+00
xras   = -1.000000000000000e+00 0.000000000000000e+00 0.000000000000000e+00
yras   = 0.000000000000000e+00 0.000000000000000e+00 -1.000000000000000e+00
zras   = 0.000000000000000e+00 1.000000000000000e+00 0.000000000000000e+00
cras   = 2.383972778320312e+02 2.925902099609375e+02 5.345928955078125e+02
dst volume info
valid = 1  # volume info valid
filename = /usr/local/freesurfer/subjects/3059/mri/norm.mgz
volume = 256 256 256
voxelsize = 1.000000000000000e+00 1.000000000000000e+00 1.000000000000000e+00
xras   = -1.000000000000000e+00 0.000000000000000e+00 0.000000000000000e+00
yras   = 0.000000000000000e+00 0.000000000000000e+00 -1.000000000000000e+00
zras   = 0.000000000000000e+00 1.000000000000000e+00 0.000000000000000e+00
cras   = 2.383972778320312e+02 2.925902099609375e+02 5.345928955078125e+02
