# transform file /usr/local/freesurfer/subjects/3061/mri/transforms/cc_up.lta
# created by ubuntu on Fri Dec 29 13:06:47 2017

type      = 0 # LINEAR_VOX_TO_VOX
nxforms   = 1
mean      = 129.0000 123.0000 119.0000
sigma     = 10000.0000
1 4 4
9.992145299911499e-01 3.598983585834503e-02 1.658925227820873e-02 -6.331745147705078e+00 
-3.598487749695778e-02 9.993522167205811e-01 -5.974314408376813e-04 3.277288436889648e+01 
-1.660000719130039e-02 0.000000000000000e+00 9.998623132705688e-01 2.815781402587891e+01 
0.000000000000000e+00 0.000000000000000e+00 0.000000000000000e+00 1.000000000000000e+00 
src volume info
valid = 1  # volume info valid
filename = /usr/local/freesurfer/subjects/3061/mri/norm.mgz
volume = 256 256 256
voxelsize = 1.000000000000000e+00 1.000000000000000e+00 1.000000000000000e+00
xras   = -1.000000000000000e+00 0.000000000000000e+00 0.000000000000000e+00
yras   = 0.000000000000000e+00 0.000000000000000e+00 -1.000000000000000e+00
zras   = 0.000000000000000e+00 1.000000000000000e+00 0.000000000000000e+00
cras   = 2.081559600830078e+02 3.025695800781250e+02 5.222714233398438e+02
dst volume info
valid = 1  # volume info valid
filename = /usr/local/freesurfer/subjects/3061/mri/norm.mgz
volume = 256 256 256
voxelsize = 1.000000000000000e+00 1.000000000000000e+00 1.000000000000000e+00
xras   = -1.000000000000000e+00 0.000000000000000e+00 0.000000000000000e+00
yras   = 0.000000000000000e+00 0.000000000000000e+00 -1.000000000000000e+00
zras   = 0.000000000000000e+00 1.000000000000000e+00 0.000000000000000e+00
cras   = 2.081559600830078e+02 3.025695800781250e+02 5.222714233398438e+02
