# transform file transforms/talairach_with_skull.lta
# created by ubuntu on Fri Dec 29 03:30:27 2017

type      = 0 # LINEAR_VOX_TO_VOX
nxforms   = 1
mean      = 132.0000 146.0000 129.0000
sigma     = 10000.0000
1 4 4
1.064351677894592e+00 1.096754055470228e-02 5.412591993808746e-02 -1.834506034851074e+01 
-1.692705973982811e-02 1.158629298210144e+00 1.808831095695496e-01 -3.581784057617188e+01 
-4.957236722111702e-02 -1.749164760112762e-01 1.029188990592957e+00 1.663105583190918e+01 
0.000000000000000e+00 0.000000000000000e+00 0.000000000000000e+00 1.000000000000000e+00 
src volume info
valid = 1  # volume info valid
filename = nu.mgz
volume = 256 256 256
voxelsize = 1.000000000000000e+00 1.000000000000000e+00 1.000000000000000e+00
xras   = -1.000000000000000e+00 0.000000000000000e+00 0.000000000000000e+00
yras   = 0.000000000000000e+00 0.000000000000000e+00 -1.000000000000000e+00
zras   = 0.000000000000000e+00 1.000000000000000e+00 0.000000000000000e+00
cras   = 2.081559600830078e+02 3.025695800781250e+02 5.222714233398438e+02
dst volume info
valid = 1  # volume info valid
filename = /usr/local/freesurfer/average/RB_all_withskull_2016-05-10.vc700.gca
volume = 256 256 256
voxelsize = 1.000000000000000e+00 1.000000000000000e+00 1.000000000000000e+00
xras   = -1.000000000000000e+00 0.000000000000000e+00 0.000000000000000e+00
yras   = 0.000000000000000e+00 0.000000000000000e+00 -1.000000000000000e+00
zras   = 0.000000000000000e+00 1.000000000000000e+00 0.000000000000000e+00
cras   = 0.000000000000000e+00 0.000000000000000e+00 0.000000000000000e+00
