# transform file /usr/local/freesurfer/subjects/3010/mri/transforms/cc_up.lta
# created by ubuntu on Fri Dec 29 12:52:01 2017

type      = 0 # LINEAR_VOX_TO_VOX
nxforms   = 1
mean      = 129.0000 124.0000 113.0000
sigma     = 10000.0000
1 4 4
9.979603886604309e-01 1.988347433507442e-02 6.066215038299561e-02 -1.025593662261963e+01 
-1.984684169292450e-02 9.998024106025696e-01 -1.206412678584456e-03 2.772918319702148e+01 
-6.067414581775665e-02 -1.164153357047226e-10 9.981577396392822e-01 3.709846496582031e+01 
0.000000000000000e+00 0.000000000000000e+00 0.000000000000000e+00 1.000000000000000e+00 
src volume info
valid = 1  # volume info valid
filename = /usr/local/freesurfer/subjects/3010/mri/norm.mgz
volume = 256 256 256
voxelsize = 1.000000000000000e+00 1.000000000000000e+00 1.000000000000000e+00
xras   = -1.000000000000000e+00 0.000000000000000e+00 0.000000000000000e+00
yras   = 0.000000000000000e+00 0.000000000000000e+00 -1.000000000000000e+00
zras   = 0.000000000000000e+00 1.000000000000000e+00 0.000000000000000e+00
cras   = 2.243189697265625e+02 2.912145996093750e+02 5.488530273437500e+02
dst volume info
valid = 1  # volume info valid
filename = /usr/local/freesurfer/subjects/3010/mri/norm.mgz
volume = 256 256 256
voxelsize = 1.000000000000000e+00 1.000000000000000e+00 1.000000000000000e+00
xras   = -1.000000000000000e+00 0.000000000000000e+00 0.000000000000000e+00
yras   = 0.000000000000000e+00 0.000000000000000e+00 -1.000000000000000e+00
zras   = 0.000000000000000e+00 1.000000000000000e+00 0.000000000000000e+00
cras   = 2.243189697265625e+02 2.912145996093750e+02 5.488530273437500e+02
