# transform file /usr/local/freesurfer/subjects/3021/mri/transforms/cc_up.lta
# created by ubuntu on Fri Dec 29 11:52:54 2017

type      = 0 # LINEAR_VOX_TO_VOX
nxforms   = 1
mean      = 131.0000 113.0000 122.0000
sigma     = 10000.0000
1 4 4
9.989047646522522e-01 -4.962704144418240e-03 4.652795195579529e-02 -7.063782691955566e+00 
4.957329481840134e-03 9.999878406524658e-01 2.309073024662212e-04 3.632859420776367e+01 
-4.652852565050125e-02 0.000000000000000e+00 9.989170432090759e-01 1.518323135375977e+01 
0.000000000000000e+00 0.000000000000000e+00 0.000000000000000e+00 1.000000000000000e+00 
src volume info
valid = 1  # volume info valid
filename = /usr/local/freesurfer/subjects/3021/mri/norm.mgz
volume = 256 256 256
voxelsize = 1.000000000000000e+00 1.000000000000000e+00 1.000000000000000e+00
xras   = -1.000000000000000e+00 0.000000000000000e+00 0.000000000000000e+00
yras   = 0.000000000000000e+00 0.000000000000000e+00 -1.000000000000000e+00
zras   = 0.000000000000000e+00 1.000000000000000e+00 0.000000000000000e+00
cras   = 2.121249237060547e+02 2.948728942871094e+02 5.330000000000000e+02
dst volume info
valid = 1  # volume info valid
filename = /usr/local/freesurfer/subjects/3021/mri/norm.mgz
volume = 256 256 256
voxelsize = 1.000000000000000e+00 1.000000000000000e+00 1.000000000000000e+00
xras   = -1.000000000000000e+00 0.000000000000000e+00 0.000000000000000e+00
yras   = 0.000000000000000e+00 0.000000000000000e+00 -1.000000000000000e+00
zras   = 0.000000000000000e+00 1.000000000000000e+00 0.000000000000000e+00
cras   = 2.121249237060547e+02 2.948728942871094e+02 5.330000000000000e+02
