# transform file /usr/local/freesurfer/subjects/3056/mri/transforms/cc_up.lta
# created by ubuntu on Fri Dec 29 13:19:41 2017

type      = 0 # LINEAR_VOX_TO_VOX
nxforms   = 1
mean      = 128.0000 111.0000 113.0000
sigma     = 10000.0000
1 4 4
9.992079734802246e-01 -2.317015267908573e-02 -3.235040232539177e-02 7.171537399291992e+00 
2.315801940858364e-02 9.997315406799316e-01 -7.497650221921504e-04 3.015094566345215e+01 
3.235908970236778e-02 -5.820766091346741e-11 9.994763135910034e-01 2.192988777160645e+01 
0.000000000000000e+00 0.000000000000000e+00 0.000000000000000e+00 1.000000000000000e+00 
src volume info
valid = 1  # volume info valid
filename = /usr/local/freesurfer/subjects/3056/mri/norm.mgz
volume = 256 256 256
voxelsize = 1.000000000000000e+00 1.000000000000000e+00 1.000000000000000e+00
xras   = -1.000000000000000e+00 0.000000000000000e+00 0.000000000000000e+00
yras   = 0.000000000000000e+00 0.000000000000000e+00 -1.000000000000000e+00
zras   = 0.000000000000000e+00 1.000000000000000e+00 0.000000000000000e+00
cras   = 2.092374572753906e+02 2.999180603027344e+02 5.306706542968750e+02
dst volume info
valid = 1  # volume info valid
filename = /usr/local/freesurfer/subjects/3056/mri/norm.mgz
volume = 256 256 256
voxelsize = 1.000000000000000e+00 1.000000000000000e+00 1.000000000000000e+00
xras   = -1.000000000000000e+00 0.000000000000000e+00 0.000000000000000e+00
yras   = 0.000000000000000e+00 0.000000000000000e+00 -1.000000000000000e+00
zras   = 0.000000000000000e+00 1.000000000000000e+00 0.000000000000000e+00
cras   = 2.092374572753906e+02 2.999180603027344e+02 5.306706542968750e+02
