# transform file /usr/local/freesurfer/subjects/3105/mri/transforms/cc_up.lta
# created by ubuntu on Fri Dec 29 10:26:05 2017

type      = 0 # LINEAR_VOX_TO_VOX
nxforms   = 1
mean      = 126.0000 133.0000 120.0000
sigma     = 10000.0000
1 4 4
9.990015625953674e-01 4.434266313910484e-02 -5.446272902190685e-03 -2.810244083404541e+00 
-4.434200376272202e-02 9.990164041519165e-01 2.417400100966915e-04 2.269689941406250e+01 
5.451635457575321e-03 0.000000000000000e+00 9.999851584434509e-01 2.931155967712402e+01 
0.000000000000000e+00 0.000000000000000e+00 0.000000000000000e+00 1.000000000000000e+00 
src volume info
valid = 1  # volume info valid
filename = /usr/local/freesurfer/subjects/3105/mri/norm.mgz
volume = 256 256 256
voxelsize = 1.000000000000000e+00 1.000000000000000e+00 1.000000000000000e+00
xras   = -1.000000000000000e+00 0.000000000000000e+00 0.000000000000000e+00
yras   = 0.000000000000000e+00 0.000000000000000e+00 -1.000000000000000e+00
zras   = 0.000000000000000e+00 1.000000000000000e+00 0.000000000000000e+00
cras   = 2.160000000000000e+02 2.738493957519531e+02 5.093975830078125e+02
dst volume info
valid = 1  # volume info valid
filename = /usr/local/freesurfer/subjects/3105/mri/norm.mgz
volume = 256 256 256
voxelsize = 1.000000000000000e+00 1.000000000000000e+00 1.000000000000000e+00
xras   = -1.000000000000000e+00 0.000000000000000e+00 0.000000000000000e+00
yras   = 0.000000000000000e+00 0.000000000000000e+00 -1.000000000000000e+00
zras   = 0.000000000000000e+00 1.000000000000000e+00 0.000000000000000e+00
cras   = 2.160000000000000e+02 2.738493957519531e+02 5.093975830078125e+02
