# transform file transforms/talairach_with_skull.lta
# created by ubuntu on Fri Dec 29 03:06:26 2017

type      = 0 # LINEAR_VOX_TO_VOX
nxforms   = 1
mean      = 125.0000 151.0000 128.0000
sigma     = 10000.0000
1 4 4
1.062745928764343e+00 3.814492374658585e-02 2.538977190852165e-03 -1.485398101806641e+01 
-3.406029567122459e-02 1.055875658988953e+00 3.890078067779541e-01 -5.516018295288086e+01 
1.162509992718697e-02 -2.865078151226044e-01 9.426394701004028e-01 3.513846588134766e+01 
0.000000000000000e+00 0.000000000000000e+00 0.000000000000000e+00 1.000000000000000e+00 
src volume info
valid = 1  # volume info valid
filename = nu.mgz
volume = 256 256 256
voxelsize = 1.000000000000000e+00 1.000000000000000e+00 1.000000000000000e+00
xras   = -1.000000000000000e+00 0.000000000000000e+00 0.000000000000000e+00
yras   = 0.000000000000000e+00 0.000000000000000e+00 -1.000000000000000e+00
zras   = 0.000000000000000e+00 1.000000000000000e+00 0.000000000000000e+00
cras   = 2.160000000000000e+02 2.738493957519531e+02 5.093975830078125e+02
dst volume info
valid = 1  # volume info valid
filename = /usr/local/freesurfer/average/RB_all_withskull_2016-05-10.vc700.gca
volume = 256 256 256
voxelsize = 1.000000000000000e+00 1.000000000000000e+00 1.000000000000000e+00
xras   = -1.000000000000000e+00 0.000000000000000e+00 0.000000000000000e+00
yras   = 0.000000000000000e+00 0.000000000000000e+00 -1.000000000000000e+00
zras   = 0.000000000000000e+00 1.000000000000000e+00 0.000000000000000e+00
cras   = 0.000000000000000e+00 0.000000000000000e+00 0.000000000000000e+00
