# transform file /usr/local/freesurfer/subjects/3003/mri/transforms/cc_up.lta
# created by ubuntu on Fri Dec 29 12:33:53 2017

type      = 0 # LINEAR_VOX_TO_VOX
nxforms   = 1
mean      = 128.0000 113.0000 115.0000
sigma     = 10000.0000
1 4 4
9.998416304588318e-01 9.492097422480583e-03 -1.506196241825819e-02 6.248821020126343e-01 
-9.491020813584328e-03 9.999550580978394e-01 1.429760450264439e-04 4.120514678955078e+01 
1.506264042109251e-02 0.000000000000000e+00 9.998866319656372e-01 1.408097171783447e+01 
0.000000000000000e+00 0.000000000000000e+00 0.000000000000000e+00 1.000000000000000e+00 
src volume info
valid = 1  # volume info valid
filename = /usr/local/freesurfer/subjects/3003/mri/norm.mgz
volume = 256 256 256
voxelsize = 1.000000000000000e+00 1.000000000000000e+00 1.000000000000000e+00
xras   = -1.000000000000000e+00 0.000000000000000e+00 0.000000000000000e+00
yras   = 0.000000000000000e+00 0.000000000000000e+00 -1.000000000000000e+00
zras   = 0.000000000000000e+00 1.000000000000000e+00 0.000000000000000e+00
cras   = 2.135879516601562e+02 2.963361816406250e+02 5.439749755859375e+02
dst volume info
valid = 1  # volume info valid
filename = /usr/local/freesurfer/subjects/3003/mri/norm.mgz
volume = 256 256 256
voxelsize = 1.000000000000000e+00 1.000000000000000e+00 1.000000000000000e+00
xras   = -1.000000000000000e+00 0.000000000000000e+00 0.000000000000000e+00
yras   = 0.000000000000000e+00 0.000000000000000e+00 -1.000000000000000e+00
zras   = 0.000000000000000e+00 1.000000000000000e+00 0.000000000000000e+00
cras   = 2.135879516601562e+02 2.963361816406250e+02 5.439749755859375e+02
