# transform file /usr/local/freesurfer/subjects/3106/mri/transforms/cc_up.lta
# created by ubuntu on Fri Dec 29 10:07:31 2017

type      = 0 # LINEAR_VOX_TO_VOX
nxforms   = 1
mean      = 129.0000 134.0000 118.0000
sigma     = 10000.0000
1 4 4
9.999380111694336e-01 4.516206099651754e-04 -1.112626586109400e-02 1.103351473808289e+00 
-4.515926411841065e-04 9.999999403953552e-01 5.024850906920619e-06 1.605728721618652e+01 
1.112626679241657e-02 4.547473508864641e-13 9.999380707740784e-01 2.358222198486328e+01 
0.000000000000000e+00 0.000000000000000e+00 0.000000000000000e+00 1.000000000000000e+00 
src volume info
valid = 1  # volume info valid
filename = /usr/local/freesurfer/subjects/3106/mri/norm.mgz
volume = 256 256 256
voxelsize = 1.000000000000000e+00 1.000000000000000e+00 1.000000000000000e+00
xras   = -1.000000000000000e+00 0.000000000000000e+00 0.000000000000000e+00
yras   = 0.000000000000000e+00 0.000000000000000e+00 -1.000000000000000e+00
zras   = 0.000000000000000e+00 1.000000000000000e+00 0.000000000000000e+00
cras   = 2.031807250976562e+02 2.725000000000000e+02 5.087229003906250e+02
dst volume info
valid = 1  # volume info valid
filename = /usr/local/freesurfer/subjects/3106/mri/norm.mgz
volume = 256 256 256
voxelsize = 1.000000000000000e+00 1.000000000000000e+00 1.000000000000000e+00
xras   = -1.000000000000000e+00 0.000000000000000e+00 0.000000000000000e+00
yras   = 0.000000000000000e+00 0.000000000000000e+00 -1.000000000000000e+00
zras   = 0.000000000000000e+00 1.000000000000000e+00 0.000000000000000e+00
cras   = 2.031807250976562e+02 2.725000000000000e+02 5.087229003906250e+02
