# transform file /usr/local/freesurfer/subjects/3057/mri/transforms/cc_up.lta
# created by ubuntu on Fri Dec 29 12:47:49 2017

type      = 0 # LINEAR_VOX_TO_VOX
nxforms   = 1
mean      = 131.0000 105.0000 117.0000
sigma     = 10000.0000
1 4 4
9.985409379005432e-01 4.433441534638405e-02 -3.082982823252678e-02 -4.428821563720703e+00 
-4.431330040097237e-02 9.990167617797852e-01 1.368167577311397e-03 4.674692916870117e+01 
3.086017258465290e-02 1.164153218269348e-10 9.995237588882446e-01 1.900732231140137e+01 
0.000000000000000e+00 0.000000000000000e+00 0.000000000000000e+00 1.000000000000000e+00 
src volume info
valid = 1  # volume info valid
filename = /usr/local/freesurfer/subjects/3057/mri/norm.mgz
volume = 256 256 256
voxelsize = 1.000000000000000e+00 1.000000000000000e+00 1.000000000000000e+00
xras   = -1.000000000000000e+00 0.000000000000000e+00 0.000000000000000e+00
yras   = 0.000000000000000e+00 0.000000000000000e+00 -1.000000000000000e+00
zras   = 0.000000000000000e+00 1.000000000000000e+00 0.000000000000000e+00
cras   = 2.313946533203125e+02 2.999180603027344e+02 5.311019897460938e+02
dst volume info
valid = 1  # volume info valid
filename = /usr/local/freesurfer/subjects/3057/mri/norm.mgz
volume = 256 256 256
voxelsize = 1.000000000000000e+00 1.000000000000000e+00 1.000000000000000e+00
xras   = -1.000000000000000e+00 0.000000000000000e+00 0.000000000000000e+00
yras   = 0.000000000000000e+00 0.000000000000000e+00 -1.000000000000000e+00
zras   = 0.000000000000000e+00 1.000000000000000e+00 0.000000000000000e+00
cras   = 2.313946533203125e+02 2.999180603027344e+02 5.311019897460938e+02
