# transform file /usr/local/freesurfer/subjects/3018/mri/transforms/cc_up.lta
# created by ubuntu on Fri Dec 29 11:40:53 2017

type      = 0 # LINEAR_VOX_TO_VOX
nxforms   = 1
mean      = 130.0000 119.0000 120.0000
sigma     = 10000.0000
1 4 4
9.989572167396545e-01 -1.666830852627754e-02 -4.250642657279968e-02 5.953233718872070e+00 
1.665323972702026e-02 9.998611211776733e-01 -7.086086552590132e-04 1.593344593048096e+01 
4.251233488321304e-02 0.000000000000000e+00 9.990959763526917e-01 1.959229850769043e+01 
0.000000000000000e+00 0.000000000000000e+00 0.000000000000000e+00 1.000000000000000e+00 
src volume info
valid = 1  # volume info valid
filename = /usr/local/freesurfer/subjects/3018/mri/norm.mgz
volume = 256 256 256
voxelsize = 1.000000000000000e+00 1.000000000000000e+00 1.000000000000000e+00
xras   = -1.000000000000000e+00 0.000000000000000e+00 0.000000000000000e+00
yras   = 0.000000000000000e+00 0.000000000000000e+00 -1.000000000000000e+00
zras   = 0.000000000000000e+00 1.000000000000000e+00 0.000000000000000e+00
cras   = 2.135879516601562e+02 2.942899780273438e+02 5.372409667968750e+02
dst volume info
valid = 1  # volume info valid
filename = /usr/local/freesurfer/subjects/3018/mri/norm.mgz
volume = 256 256 256
voxelsize = 1.000000000000000e+00 1.000000000000000e+00 1.000000000000000e+00
xras   = -1.000000000000000e+00 0.000000000000000e+00 0.000000000000000e+00
yras   = 0.000000000000000e+00 0.000000000000000e+00 -1.000000000000000e+00
zras   = 0.000000000000000e+00 1.000000000000000e+00 0.000000000000000e+00
cras   = 2.135879516601562e+02 2.942899780273438e+02 5.372409667968750e+02
