# transform file transforms/talairach_with_skull.lta
# created by ubuntu on Fri Dec 29 00:20:08 2017

type      = 0 # LINEAR_VOX_TO_VOX
nxforms   = 1
mean      = 129.0000 133.0000 130.0000
sigma     = 10000.0000
1 4 4
1.117249250411987e+00 -2.313334681093693e-02 -2.905201911926270e-02 -1.256095600128174e+01 
2.993444539606571e-02 1.029695034027100e+00 2.208466380834579e-01 -3.068666267395020e+01 
2.518824674189091e-02 -2.128810137510300e-01 1.070188403129578e+00 7.590556144714355e+00 
0.000000000000000e+00 0.000000000000000e+00 0.000000000000000e+00 1.000000000000000e+00 
src volume info
valid = 1  # volume info valid
filename = nu.mgz
volume = 256 256 256
voxelsize = 1.000000000000000e+00 1.000000000000000e+00 1.000000000000000e+00
xras   = -1.000000000000000e+00 0.000000000000000e+00 0.000000000000000e+00
yras   = 0.000000000000000e+00 0.000000000000000e+00 -1.000000000000000e+00
zras   = 0.000000000000000e+00 1.000000000000000e+00 0.000000000000000e+00
cras   = 2.135879516601562e+02 2.942899780273438e+02 5.372409667968750e+02
dst volume info
valid = 1  # volume info valid
filename = /usr/local/freesurfer/average/RB_all_withskull_2016-05-10.vc700.gca
volume = 256 256 256
voxelsize = 1.000000000000000e+00 1.000000000000000e+00 1.000000000000000e+00
xras   = -1.000000000000000e+00 0.000000000000000e+00 0.000000000000000e+00
yras   = 0.000000000000000e+00 0.000000000000000e+00 -1.000000000000000e+00
zras   = 0.000000000000000e+00 1.000000000000000e+00 0.000000000000000e+00
cras   = 0.000000000000000e+00 0.000000000000000e+00 0.000000000000000e+00
