# transform file /usr/local/freesurfer/subjects/3075/mri/transforms/cc_up.lta
# created by ubuntu on Fri Dec 29 17:28:54 2017

type      = 0 # LINEAR_VOX_TO_VOX
nxforms   = 1
mean      = 129.0000 117.0000 112.0000
sigma     = 10000.0000
1 4 4
9.997906088829041e-01 1.620930060744286e-02 1.249861624091864e-02 -3.722491025924683e+00 
-1.620803400874138e-02 9.998686909675598e-01 -2.026204165304080e-04 2.912213706970215e+01 
-1.250025909394026e-02 0.000000000000000e+00 9.999219775199890e-01 4.061949157714844e+01 
0.000000000000000e+00 0.000000000000000e+00 0.000000000000000e+00 1.000000000000000e+00 
src volume info
valid = 1  # volume info valid
filename = /usr/local/freesurfer/subjects/3075/mri/norm.mgz
volume = 256 256 256
voxelsize = 1.000000000000000e+00 1.000000000000000e+00 1.000000000000000e+00
xras   = -1.000000000000000e+00 0.000000000000000e+00 0.000000000000000e+00
yras   = 0.000000000000000e+00 0.000000000000000e+00 -1.000000000000000e+00
zras   = 0.000000000000000e+00 1.000000000000000e+00 0.000000000000000e+00
cras   = 2.170442657470703e+02 3.054149780273438e+02 5.265347900390625e+02
dst volume info
valid = 1  # volume info valid
filename = /usr/local/freesurfer/subjects/3075/mri/norm.mgz
volume = 256 256 256
voxelsize = 1.000000000000000e+00 1.000000000000000e+00 1.000000000000000e+00
xras   = -1.000000000000000e+00 0.000000000000000e+00 0.000000000000000e+00
yras   = 0.000000000000000e+00 0.000000000000000e+00 -1.000000000000000e+00
zras   = 0.000000000000000e+00 1.000000000000000e+00 0.000000000000000e+00
cras   = 2.170442657470703e+02 3.054149780273438e+02 5.265347900390625e+02
