# transform file /usr/local/freesurfer/subjects/3004/mri/transforms/cc_up.lta
# created by ubuntu on Fri Dec 29 12:25:46 2017

type      = 0 # LINEAR_VOX_TO_VOX
nxforms   = 1
mean      = 130.0000 119.0000 121.0000
sigma     = 10000.0000
1 4 4
9.999440312385559e-01 9.864015504717827e-03 -3.827934619039297e-03 -3.241447448730469e+00 
-9.863943792879581e-03 9.999513626098633e-01 3.776064841076732e-05 3.728028488159180e+01 
3.828120883554220e-03 -3.637978807091713e-12 9.999926686286926e-01 1.350402832031250e+01 
0.000000000000000e+00 0.000000000000000e+00 0.000000000000000e+00 1.000000000000000e+00 
src volume info
valid = 1  # volume info valid
filename = /usr/local/freesurfer/subjects/3004/mri/norm.mgz
volume = 256 256 256
voxelsize = 1.000000000000000e+00 1.000000000000000e+00 1.000000000000000e+00
xras   = -1.000000000000000e+00 0.000000000000000e+00 0.000000000000000e+00
yras   = 0.000000000000000e+00 0.000000000000000e+00 -1.000000000000000e+00
zras   = 0.000000000000000e+00 1.000000000000000e+00 0.000000000000000e+00
cras   = 2.216359558105469e+02 2.950216064453125e+02 5.387049560546875e+02
dst volume info
valid = 1  # volume info valid
filename = /usr/local/freesurfer/subjects/3004/mri/norm.mgz
volume = 256 256 256
voxelsize = 1.000000000000000e+00 1.000000000000000e+00 1.000000000000000e+00
xras   = -1.000000000000000e+00 0.000000000000000e+00 0.000000000000000e+00
yras   = 0.000000000000000e+00 0.000000000000000e+00 -1.000000000000000e+00
zras   = 0.000000000000000e+00 1.000000000000000e+00 0.000000000000000e+00
cras   = 2.216359558105469e+02 2.950216064453125e+02 5.387049560546875e+02
