# transform file transforms/talairach.lta
# created by ubuntu on Fri Dec 29 00:48:16 2017

type      = 0 # LINEAR_VOX_TO_VOX
nxforms   = 1
mean      = 130.0000 119.0000 121.0000
sigma     = 10000.0000
1 4 4
1.033726572990417e+00 1.137720644474030e-01 2.610245719552040e-02 -2.405645751953125e+01 
-1.300948858261108e-01 1.072243213653564e+00 1.573376208543777e-01 -1.112600326538086e+00 
-1.178623642772436e-02 -1.218506395816803e-01 9.209800362586975e-01 1.784128952026367e+01 
0.000000000000000e+00 0.000000000000000e+00 0.000000000000000e+00 1.000000000000000e+00 
src volume info
valid = 1  # volume info valid
filename = nu.mgz
volume = 256 256 256
voxelsize = 1.000000000000000e+00 1.000000000000000e+00 1.000000000000000e+00
xras   = -1.000000000000000e+00 0.000000000000000e+00 0.000000000000000e+00
yras   = 0.000000000000000e+00 0.000000000000000e+00 -1.000000000000000e+00
zras   = 0.000000000000000e+00 1.000000000000000e+00 0.000000000000000e+00
cras   = 2.216359558105469e+02 2.950216064453125e+02 5.387049560546875e+02
dst volume info
valid = 1  # volume info valid
filename = /usr/local/freesurfer/average/RB_all_2016-05-10.vc700.gca
volume = 256 256 256
voxelsize = 1.000000000000000e+00 1.000000000000000e+00 1.000000000000000e+00
xras   = -1.000000000000000e+00 0.000000000000000e+00 0.000000000000000e+00
yras   = 0.000000000000000e+00 0.000000000000000e+00 -1.000000000000000e+00
zras   = 0.000000000000000e+00 1.000000000000000e+00 0.000000000000000e+00
cras   = 0.000000000000000e+00 0.000000000000000e+00 0.000000000000000e+00
