# transform file /usr/local/freesurfer/subjects/3104/mri/transforms/cc_up.lta
# created by ubuntu on Fri Dec 29 10:31:02 2017

type      = 0 # LINEAR_VOX_TO_VOX
nxforms   = 1
mean      = 132.0000 123.0000 118.0000
sigma     = 10000.0000
1 4 4
9.983273744583130e-01 2.881188131868839e-02 5.012363567948341e-02 -1.112329673767090e+01 
-2.877563610672951e-02 9.995848536491394e-01 -1.444756053388119e-03 1.996355247497559e+01 
-5.014445260167122e-02 0.000000000000000e+00 9.987420439720154e-01 4.270998382568359e+01 
0.000000000000000e+00 0.000000000000000e+00 0.000000000000000e+00 1.000000000000000e+00 
src volume info
valid = 1  # volume info valid
filename = /usr/local/freesurfer/subjects/3104/mri/norm.mgz
volume = 256 256 256
voxelsize = 1.000000000000000e+00 1.000000000000000e+00 1.000000000000000e+00
xras   = -1.000000000000000e+00 0.000000000000000e+00 0.000000000000000e+00
yras   = 0.000000000000000e+00 0.000000000000000e+00 -1.000000000000000e+00
zras   = 0.000000000000000e+00 1.000000000000000e+00 0.000000000000000e+00
cras   = 2.045301208496094e+02 2.711506042480469e+02 5.215421752929688e+02
dst volume info
valid = 1  # volume info valid
filename = /usr/local/freesurfer/subjects/3104/mri/norm.mgz
volume = 256 256 256
voxelsize = 1.000000000000000e+00 1.000000000000000e+00 1.000000000000000e+00
xras   = -1.000000000000000e+00 0.000000000000000e+00 0.000000000000000e+00
yras   = 0.000000000000000e+00 0.000000000000000e+00 -1.000000000000000e+00
zras   = 0.000000000000000e+00 1.000000000000000e+00 0.000000000000000e+00
cras   = 2.045301208496094e+02 2.711506042480469e+02 5.215421752929688e+02
