# transform file /usr/local/freesurfer/subjects/3071/mri/transforms/cc_up.lta
# created by ubuntu on Fri Dec 29 16:11:15 2017

type      = 0 # LINEAR_VOX_TO_VOX
nxforms   = 1
mean      = 129.0000 102.0000 107.0000
sigma     = 10000.0000
1 4 4
9.999334216117859e-01 -8.907932788133621e-03 -7.335921283811331e-03 1.786472558975220e+00 
8.907692506909370e-03 9.999603629112244e-01 -6.535048305522650e-05 4.486349487304688e+01 
7.336212322115898e-03 0.000000000000000e+00 9.999730587005615e-01 3.405880737304688e+01 
0.000000000000000e+00 0.000000000000000e+00 0.000000000000000e+00 1.000000000000000e+00 
src volume info
valid = 1  # volume info valid
filename = /usr/local/freesurfer/subjects/3071/mri/norm.mgz
volume = 256 256 256
voxelsize = 1.000000000000000e+00 1.000000000000000e+00 1.000000000000000e+00
xras   = -1.000000000000000e+00 0.000000000000000e+00 0.000000000000000e+00
yras   = 0.000000000000000e+00 0.000000000000000e+00 -1.000000000000000e+00
zras   = 0.000000000000000e+00 1.000000000000000e+00 0.000000000000000e+00
cras   = 1.907315216064453e+02 2.867617187500000e+02 5.234331054687500e+02
dst volume info
valid = 1  # volume info valid
filename = /usr/local/freesurfer/subjects/3071/mri/norm.mgz
volume = 256 256 256
voxelsize = 1.000000000000000e+00 1.000000000000000e+00 1.000000000000000e+00
xras   = -1.000000000000000e+00 0.000000000000000e+00 0.000000000000000e+00
yras   = 0.000000000000000e+00 0.000000000000000e+00 -1.000000000000000e+00
zras   = 0.000000000000000e+00 1.000000000000000e+00 0.000000000000000e+00
cras   = 1.907315216064453e+02 2.867617187500000e+02 5.234331054687500e+02
