# transform file /usr/local/freesurfer/subjects/3013/mri/transforms/cc_up.lta
# created by ubuntu on Fri Dec 29 11:48:07 2017

type      = 0 # LINEAR_VOX_TO_VOX
nxforms   = 1
mean      = 130.0000 127.0000 121.0000
sigma     = 10000.0000
1 4 4
9.997183084487915e-01 2.214339002966881e-02 8.553040213882923e-03 -3.323900699615479e+00 
-2.214257977902889e-02 9.997549057006836e-01 -1.894397573778406e-04 2.588291549682617e+01 
-8.555137552320957e-03 0.000000000000000e+00 9.999634623527527e-01 8.099486351013184e+00 
0.000000000000000e+00 0.000000000000000e+00 0.000000000000000e+00 1.000000000000000e+00 
src volume info
valid = 1  # volume info valid
filename = /usr/local/freesurfer/subjects/3013/mri/norm.mgz
volume = 256 256 256
voxelsize = 1.000000000000000e+00 1.000000000000000e+00 1.000000000000000e+00
xras   = -1.000000000000000e+00 0.000000000000000e+00 0.000000000000000e+00
yras   = 0.000000000000000e+00 0.000000000000000e+00 -1.000000000000000e+00
zras   = 0.000000000000000e+00 1.000000000000000e+00 0.000000000000000e+00
cras   = 2.048079528808594e+02 2.977994995117188e+02 5.366579589843750e+02
dst volume info
valid = 1  # volume info valid
filename = /usr/local/freesurfer/subjects/3013/mri/norm.mgz
volume = 256 256 256
voxelsize = 1.000000000000000e+00 1.000000000000000e+00 1.000000000000000e+00
xras   = -1.000000000000000e+00 0.000000000000000e+00 0.000000000000000e+00
yras   = 0.000000000000000e+00 0.000000000000000e+00 -1.000000000000000e+00
zras   = 0.000000000000000e+00 1.000000000000000e+00 0.000000000000000e+00
cras   = 2.048079528808594e+02 2.977994995117188e+02 5.366579589843750e+02
