# transform file /usr/local/freesurfer/subjects/3054/mri/transforms/cc_up.lta
# created by ubuntu on Fri Dec 29 13:25:27 2017

type      = 0 # LINEAR_VOX_TO_VOX
nxforms   = 1
mean      = 128.0000 120.0000 116.0000
sigma     = 10000.0000
1 4 4
9.995447397232056e-01 -2.522006072103977e-02 -1.656320132315159e-02 5.560253143310547e+00 
2.521659806370735e-02 9.996819496154785e-01 -4.178578383289278e-04 2.187831497192383e+01 
1.656847260892391e-02 2.910383045673370e-11 9.998627901077271e-01 1.091158962249756e+01 
0.000000000000000e+00 0.000000000000000e+00 0.000000000000000e+00 1.000000000000000e+00 
src volume info
valid = 1  # volume info valid
filename = /usr/local/freesurfer/subjects/3054/mri/norm.mgz
volume = 256 256 256
voxelsize = 1.000000000000000e+00 1.000000000000000e+00 1.000000000000000e+00
xras   = -1.000000000000000e+00 0.000000000000000e+00 0.000000000000000e+00
yras   = 0.000000000000000e+00 0.000000000000000e+00 -1.000000000000000e+00
zras   = 0.000000000000000e+00 1.000000000000000e+00 0.000000000000000e+00
cras   = 2.030945129394531e+02 2.950026855468750e+02 5.249564208984375e+02
dst volume info
valid = 1  # volume info valid
filename = /usr/local/freesurfer/subjects/3054/mri/norm.mgz
volume = 256 256 256
voxelsize = 1.000000000000000e+00 1.000000000000000e+00 1.000000000000000e+00
xras   = -1.000000000000000e+00 0.000000000000000e+00 0.000000000000000e+00
yras   = 0.000000000000000e+00 0.000000000000000e+00 -1.000000000000000e+00
zras   = 0.000000000000000e+00 1.000000000000000e+00 0.000000000000000e+00
cras   = 2.030945129394531e+02 2.950026855468750e+02 5.249564208984375e+02
